LOTTER ************************* 6 из 49 ************************* 2025-05-14

ОБЩАЯ СТАТИСТИКА ПОЛНОЙ БАЗЫ ТИРАЖЕЙ
====================================
- лотерея "Спортлото 6 из 49"
- число возможных комбинаций 6 номеров из 49 = 13983816
- число перестановок для 6 номеров = 720
- вероятность выпадения в тираже одного номера = 0.12245
- вероятность выпадения в тираже пары номеров = 0.00213
- вероятность выпадения в тираже тройки номеров = 0.00018

- статистика выигрышей за всё время проведения лотереи:

6 номеров угадано 2 раза, суммы выигрышей:
           DATE  N1  N2  N3  N4  N5  N6  WIN6        BYN6
DRAW
703  2019-06-06   9  11  16  27  32  41     1  3973635.57
1082 2021-04-03  26  28  33  39  44  45     1  3137289.18

5 номеров угадано 587 раза, пять последних выигрышей:
           DATE  N1  N2  N3  N4  N5  N6  WIN5      BYN5
DRAW
1926 2025-04-19   2  11  25  40  43  46     1  19953.01
1928 2025-04-22  10  16  21  23  28  31     1  13124.62
1930 2025-04-26  12  14  16  32  33  41     1  17266.59
1933 2025-05-01  14  16  20  24  46  47     1  16471.21
1938 2025-05-10   4   6  14  29  31  49     1  15399.14

4 номера угадано 29526 раз, пять последних выигрышей:
           DATE  N1  N2  N3  N4  N5  N6  WIN4     BYN4
DRAW
1934 2025-05-03   4   5  10  20  24  28    23  1324.47
1935 2025-05-05   7  15  25  39  40  46    19  1625.72
1936 2025-05-06   3  28  33  34  36  45    18  1501.20
1937 2025-05-08  10  17  31  35  40  48    23  1514.85
1938 2025-05-10   4   6  14  29  31  49    21   733.29

3 номера угадано 538727 раз, пять последних выигрышей:
           DATE  N1  N2  N3  N4  N5  N6  WIN3  BYN3
DRAW
1934 2025-05-03   4   5  10  20  24  28   583  20.0
1935 2025-05-05   7  15  25  39  40  46   465  20.0
1936 2025-05-06   3  28  33  34  36  45   377  20.0
1937 2025-05-08  10  17  31  35  40  48   509  20.0
1938 2025-05-10   4   6  14  29  31  49   439  20.0

- основные характеристики базы тиражей:

минимальные номера: 1 2 3 6 10 12, комбинация не выпадала...
25% номеров <= чем: 3 8 15 23 31 40, комбинация не выпадала...
50% номеров <= чем: 5 13 21 29 36 44, комбинация не выпадала...
медианное значение: 7 14 21 28 35 43, комбинация не выпадала...
75% номеров <= чем: 10 19 27 34 41 47, комбинация не выпадала...
максимальные номера: 33 43 44 47 48 49, комбинация не выпадала...

- распределение 'горячих' / 'холодных' номеров по 'каналам', где:
        N1...N6 - выпавшие номера или названия 'каналов'
        FR1...FR6 - частота выпадения номера в 'канале'

    N1  FRE1  N2  FRE2  N3  FRE3  N4  FRE4  N5  FRE5  N6  FRE6
0    1   230   9   114  23    97  30   118  36   109  49   222
1    2   230  10   108  20    97  27   103  38    99  48   200
2    4   191  11   106  26    91  29   100  42    98  47   180
3    3   186  12   105  21    87  26    92  40    97  46   166
4    5   165  14   101  25    86  24    86  41    96  45   162
5    6   133   8    98  22    85  33    85  37    95  44   147
6    7   119  13    97  18    84  25    84  39    95  43   130
7    8    98   6    87  27    81  31    83  34    94  42    95
8    9    86  16    87  24    80  28    83  33    90  41    86
9   10    73   7    86  16    80  32    82  44    86  40    73
10  11    67   5    84  17    80  34    80  35    84  39    71
11  12    54  19    78  19    77  35    76  43    83  37    59
12  13    48  15    70  15    68  36    71  31    78  38    56
13  14    43  17    67  14    68  23    68  32    77  36    46
14  16    40  21    64  11    66  20    63  29    71  35    41
15  15    36  18    62  12    57  37    59  46    65  32    36
16  17    28   4    61  30    56  22    55  45    63  34    32
17  19    21  20    60  13    54  19    51  28    57  33    29
18  20    17   3    56  29    53  21    47  30    56  31    18
19  18    16  23    52  28    51  38    46  26    40  30    17
20  23    15  24    47  31    51  18    44  47    36  29    13
21  21    14  22    44  10    50  40    43  25    34  26    12
22  26     7  27    30  33    47  17    39  27    34  28    10
23  22     5  25    30  32    39  39    36  24    29  27     7
24  24     4   2    24   7    33  41    29  23    24  24     6
25  25     4  28    22   9    30  42    29  22    23  25     6
26  27     2  26    22  34    29  15    27  48    21  21     4
27  33     2  29    19   6    26  16    27  20    20  23     4
28  29     1  30    15   8    24  14    23  21    19  22     3
29  32     1  31    12  35    21  12    22  18    14  20     2
30  31     1  32    11   5    20  13    22  19    11  19     2
31  28     1  33     6  37    14  43    11  16     9  17     1
32  30     0  34     4  36    13  45    10  17     8  15     1
33  34     0  35     3  38    12  44    10  14     7  12     1
34  35     0  37     3  39    12   9     9  15     7   1     0
35  36     0  36     2  40     7   8     7  12     4   2     0
36  37     0  43     1   4     6  10     5  11     2   3     0
37  38     0   1     0  43     2  11     5  10     2   4     0
38  39     0  38     0  44     1   7     3  13     1   5     0
39  40     0  39     0   3     1   6     2   1     0   6     0
40  41     0  40     0  42     1  47     2   2     0   7     0
41  42     0  41     0  41     1  46     1   3     0   8     0
42  43     0  42     0   1     0   1     0   4     0   9     0

РЕЗУЛЬТАТЫ ПОСЛЕДНЕГО ТИРАЖА
============================
- число тиражей в базе 1938
- 1938-ой тираж состоялся 2025-05-10 с результатами: 4 6 14 29 31 49
- 6 номеров не угадал никто
- 5 номеров угадали: 1, выигрыш каждого составил 15399.14 BYN
- 4 номера угадали: 21, выигрыш каждого составил 733.29 BYN
- 3 номера угадали: 439, выигрыш каждого составил 20.0 BYN
- джекпот по состоянию на 2025-05-10 составляет 11607050.65 BYN

РЕЗУЛЬТАТЫ ПОСЛЕДНИХ 18 ТИРАЖЕЙ
===============================
- тиражи отсортированы по убыванию:
           DATE  N1  N2  N3  N4  N5  N6
DRAW
1938 2025-05-10   4   6  14  29  31  49
1937 2025-05-08  10  17  31  35  40  48
1936 2025-05-06   3  28  33  34  36  45
1935 2025-05-05   7  15  25  39  40  46
1934 2025-05-03   4   5  10  20  24  28
1933 2025-05-01  14  16  20  24  46  47
1932 2025-04-29  14  21  24  27  28  42
1931 2025-04-28  19  27  29  30  31  45
1930 2025-04-26  12  14  16  32  33  41
1929 2025-04-24  22  25  29  35  38  43
1928 2025-04-22  10  16  21  23  28  31
1927 2025-04-21   6  13  34  37  39  44
1926 2025-04-19   2  11  25  40  43  46
1925 2025-04-17  11  23  25  27  40  48
1924 2025-04-15   4   8  13  16  25  26
1923 2025-04-14   8  11  13  14  16  36
1922 2025-04-12   6  12  18  20  31  40
1921 2025-04-10   4  15  23  26  36  45

РАСЧЁТ И ДОБАВЛЕНИЕ ДОПОЛНИТЕЛЬНЫХ СТОЛБЦОВ
============================================
- в названиях столбцов используются сокращения:
    DEC: 'декады' - например, DEC=012234 для 5,10,25,27,35,40
    DIF: разность между самым маленьким и самым большим номером;
    EVN: количество чётных номеров в тираже;
    ODD: количество нечётных номеров в тираже;
    RPT: количество повторившихся номеров из предыдущего тиража;
    SUM: сумма всех номеров в тираже

           DATE  N1  N2  N3  N4  N5  N6  WIN6  BYN6  WIN5      BYN5  WIN4       BYN4  WIN3  BYN3         JACK      FOND     DEC  ODD  EVN  RPT  DIF  SUM
DRAW
1929 2025-04-24  22  25  29  35  38  43     0   0.0     0      0.00    23    1447.06   487  20.0  11412974.22  66188.40  222334    4    2    0   21  192
1930 2025-04-26  12  14  16  32  33  41     0   0.0     1  17266.59    19     908.76   582  20.0  11437836.78  71035.68  111334    2    4    0   29  148
1931 2025-04-28  19  27  29  30  31  45     0   0.0     0      0.00    23    1297.95   473  20.0  11459005.49  60481.56  122334    5    1    0   26  181
1932 2025-04-29  14  21  24  27  28  42     0   0.0     0      0.00    30     848.10   359  20.0  11476572.03  50189.64  122224    2    4    1   28  156
1933 2025-05-01  14  16  20  24  46  47     0   0.0     1  16471.21    22     748.69   395  20.0  11498564.38  62834.52  112244    1    5    2   33  167
1934 2025-05-03   4   5  10  20  24  28     0   0.0     0      0.00    23    1324.47   583  20.0  11521245.98  64804.44  001222    1    5    2   24   91
1935 2025-05-05   7  15  25  39  40  46     0   0.0     0      0.00    19    1625.72   465  20.0  11542886.22  61829.04  012344    4    2    0   39  172
1936 2025-05-06   3  28  33  34  36  45     0   0.0     0      0.00    18    1501.20   377  20.0  11561496.57  53171.88  023334    3    3    0   42  179
1937 2025-05-08  10  17  31  35  40  48     0   0.0     0      0.00    23    1514.85   509  20.0  11585739.14  69264.12  113344    3    3    0   38  181
1938 2025-05-10   4   6  14  29  31  49     0   0.0     1  15399.14    21     733.29   439  20.0  11607050.65  60889.68  001234    3    3    1   45  133



Для завершения нажмите ENTER...